49.93, 50.09, 0.83
50.46, 49.92, 0.83
51.01, 50.05, 0.83
51.53, 50.06, 0.83
52.00, 50.05, 0.83
52.59, 49.95, 0.83
53.07, 50.05, 0.83
53.42, 50.06, 0.83
54.02, 49.99, 0.83
54.50, 50.04, 0.83
55.08, 50.05, 0.83
55.44, 50.00, 0.83
56.06, 50.06, 0.83
56.48, 49.92, 0.83
57.01, 49.93, 0.83
57.45, 50.07, 0.83
57.95, 49.94, 0.83
58.51, 50.08, 0.83
59.02, 50.03, 0.83
59.56, 49.93, 0.83
60.04, 49.90, 0.83
60.44, 49.98, 0.83
61.10, 50.09, 0.83
61.43, 50.02, 0.83
61.91, 50.07, 0.83
62.57, 50.01, 0.83
62.90, 50.03, 0.83
63.50, 49.92, 0.83
63.93, 49.93, 0.83
64.53, 50.03, 0.83
64.92, 50.02, 0.83
65.60, 49.92, 0.83
65.93, 49.96, 0.83
66.55, 50.01, 0.83
67.05, 50.05, 0.83
67.55, 49.93, 0.83
67.96, 50.01, 0.83
68.45, 49.97, 0.83
68.91, 50.08, 0.83
69.46, 49.98, 0.83
70.02, 50.10, 0.83
70.48, 49.97, 0.83
70.97, 49.98, 0.83
71.41, 49.93, 0.83
72.06, 49.93, 0.83
72.60, 50.06, 0.83
72.99, 50.01, 0.83
73.47, 50.03, 0.83
73.93, 50.02, 0.83
74.43, 50.01, 0.83
74.93, 49.98, 0.83
75.43, 49.91, 0.83
76.08, 50.00, 0.83
76.48, 50.03, 0.83
76.98, 50.07, 0.83
77.48, 50.06, 0.83
77.98, 50.06, 0.83
78.41, 50.09, 0.83
78.95, 49.98, 0.83
79.58, 50.05, 0.83
80.08, 50.02, 0.83
80.49, 49.94, 0.83
80.97, 49.91, 0.83
81.56, 50.05, 0.83
82.09, 50.05, 0.83
82.49, 49.96, 0.83
82.94, 49.94, 0.83
83.55, 50.00, 0.83
83.97, 50.05, 0.83
84.50, 50.04, 0.83
85.06, 50.06, 0.83
85.59, 49.95, 0.83
86.03, 50.07, 0.83
86.48, 50.04, 0.83
87.01, 50.08, 0.83
87.59, 49.96, 0.83
88.06, 50.00, 0.83
88.58, 50.04, 0.83
89.09, 49.92, 0.83
89.45, 49.95, 0.83
90.07, 49.92, 0.83
90.57, 50.02, 0.83
90.95, 49.99, 0.83
91.43, 49.90, 0.83
92.00, 50.10, 0.83
92.60, 49.94, 0.83
93.06, 50.01, 0.83
93.40, 49.91, 0.83
93.93, 50.09, 0.83
94.46, 50.00, 0.83
94.94, 49.99, 0.83
95.60, 50.02, 0.83
95.98, 49.99, 0.83
96.10, 48.35, 1.67
104.33, 50.45, 1.19
104.75, 50.42, 1.17
105.23, 50.55, 1.10
105.71, 50.51, 0.96
106.09, 50.45, 1.15
106.48, 50.34, 0.87
107.04, 50.34, 1.12
107.34, 50.20, 1.26
107.92, 50.20, 0.83
108.37, 50.11, 0.91
108.78, 50.04, 1.40
109.08, 49.93, 1.37
109.50, 49.87, 1.07
110.10, 49.71, 1.20
110.45, 49.71, 0.84
110.82, 49.62, 0.93
111.37, 49.36, 0.86
111.65, 49.26, 1.34
112.24, 49.30, 1.23
112.51, 49.06, 1.29
113.04, 48.95, 0.92
113.40, 48.85, 1.30
113.91, 48.73, 0.83
114.23, 48.60, 1.09
114.62, 48.62, 1.21
115.02, 48.43, 1.06
115.50, 48.37, 0.91
115.94, 48.10, 0.98
116.41, 48.03, 1.21
116.82, 47.89, 1.13
117.08, 47.68, 0.97
117.48, 47.51, 1.21
117.99, 47.40, 1.39
118.38, 47.17, 1.08
118.85, 47.19, 1.17
119.12, 46.93, 1.17
119.61, 46.78, 1.35
120.04, 46.68, 1.31
120.43, 46.44, 0.97
120.76, 46.28, 1.19
121.09, 45.97, 1.27
121.54, 45.81, 1.00
121.89, 45.59, 1.09
122.27, 45.47, 0.89
122.74, 45.29, 1.39
123.08, 44.99, 1.34
123.62, 44.88, 1.15
123.98, 44.72, 1.31
124.32, 44.42, 1.37
124.63, 44.34, 0.93
124.96, 44.10, 1.10
125.46, 43.91, 1.26
125.75, 43.69, 1.16
126.26, 43.27, 0.84
126.49, 43.17, 1.02
126.86, 42.85, 1.31
127.33, 42.67, 1.08
127.59, 42.49, 1.40
128.02, 42.27, 1.20
128.34, 41.90, 0.99
128.79, 41.69, 0.85
129.17, 41.41, 1.41
129.52, 41.15, 0.90
129.79, 40.97, 0.89
130.09, 40.68, 1.26
130.50, 40.34, 1.26
130.92, 40.13, 1.20
131.13, 39.94, 1.34
131.59, 39.61, 0.86
131.80, 39.24, 1.12
131.95, 43.08, 0.83
132.13, 39.08, 1.18
132.55, 38.85, 0.89
132.92, 38.47, 1.37
133.12, 38.21, 1.33
133.55, 37.82, 1.26
133.77, 37.61, 1.16
134.24, 37.25, 0.87
134.51, 36.94, 1.12
134.75, 36.77, 1.22
135.08, 36.43, 1.18
135.40, 36.17, 1.06
135.72, 35.71, 1.39
135.96, 35.50, 0.88
136.32, 35.19, 1.19
136.59, 34.93, 1.41
136.95, 34.43, 1.17
137.31, 34.12, 1.05
137.45, 33.87, 1.11
137.84, 33.47, 0.94
138.13, 33.29, 0.83
138.29, 32.96, 1.08
138.68, 32.58, 1.33
138.95, 32.14, 1.21
139.14, 31.94, 0.98
139.53, 31.60, 1.11
139.68, 31.26, 0.82
139.89, 30.80, 0.99
140.33, 30.42, 1.02
140.47, 30.09, 1.12
140.74, 29.87, 1.31
141.10, 29.34, 1.36
141.25, 29.02, 1.17
141.43, 28.78, 0.83
141.67, 28.41, 1.17
142.00, 27.98, 1.14
142.22, 27.68, 1.08
142.48, 27.16, 1.03
142.65, 26.88, 1.08
142.97, 26.44, 1.16
143.19, 26.08, 1.21
143.34, 25.74, 1.03
143.47, 25.26, 1.06
143.88, 24.91, 1.38
144.07, 24.65, 0.83
144.28, 24.15, 0.93
144.50, 23.75, 1.27
144.62, 23.50, 1.36
144.88, 23.09, 1.12
144.93, 22.56, 1.02
145.10, 22.33, 1.12
145.29, 21.87, 0.95
145.46, 21.54, 1.10
145.78, 21.12, 1.12
145.98, 20.60, 1.02
146.01, 20.32, 1.32
146.11, 12.77, 0.83
146.29, 19.78, 0.90
146.45, 19.47, 0.90
146.66, 18.99, 1.41
146.75, 18.62, 1.38
146.81, 18.25, 1.22
146.94, 17.83, 0.94
147.24, 17.44, 1.24
147.33, 17.10, 1.20
147.38, 16.50, 0.85
147.66, 16.25, 0.83
147.84, 15.73, 0.94
147.90, 15.34, 1.36
147.93, 14.84, 1.01
148.11, 14.53, 1.39
148.27, 13.64, 0.83
148.30, 14.00, 1.02
148.38, 13.16, 0.90
148.58, 12.77, 1.24
148.73, 12.34, 0.88
148.82, 11.52, 0.86
148.86, 12.02, 1.05
149.00, 11.09, 0.89
149.10, 10.66, 1.14
149.16, 10.24, 0.93
149.26, 9.48, 1.09
149.26, 9.79, 1.35
149.41, 8.57, 1.38
149.42, 8.97, 1.29
149.54, 7.16, 0.96
149.57, 8.16, 1.02
149.61, 6.88, 1.22
149.63, 7.73, 1.29
149.79, 5.54, 1.17
149.81, 6.45, 1.14
149.85, 5.87, 0.85
